

%% Plot 1: Network Lifetime vs Number of Sensor Nodes
% Define new variables for data
nodes = [100 200 300 400 500 600 700 800 900];
lifetime_BSO_TLBO = [1080 1160 1200 1310 1310 1500 1530 1810 1870];
lifetime_GAPSO_H = [1190 1270 1360 1440 1500 1610 1760 1880 1960];
lifetime_EECRAIFA = [1310 1350 1440 1530 1620 1750 1910 2110 2190];
lifetime_IMD_EACBR = [1410 1520 1640 1740 1860 1980 2170 2330 2500];
lifetime_HAV_CSO = [1460 1590 1720 1840 2000 2300 2400 2500 2690];
lifetime_HOEEACR = [1580 1690 1830 1980 2200 2500 2680 2720 2820];



%% Plot 2: Number of Alive Nodes vs Rounds
rounds = 0:100:1400;
alive_BSO_TLBO = [900 450 270 250 225 200 150 100 50 25 0 0 0 0 0];
alive_GAPSO_H = [900 500 390 350 310 300 265 250 220 180 110 80 0 0 0];
alive_EECRAIFA = [900 700 600 500 450 400 350 300 270 240 210 180 150 100 0];
alive_IMD_EACBR = [900 700 625 575 575 520 500 425 400 385 370 300 305 250 200];
alive_HAV_CSO = [900 750 700 620 600 575 525 500 450 400 385 350 325 310 300];
alive_HOEEACR = [900 800 775 700 630 625 620 605 580 525 500 450 420 400 380];



%% Plot 3: End-to-End Delay
delay_data = [
    [1.2 1.3 1.7 1.9 2.0 2.3 2.3 2.4 2.7];
    [0.9 1.2 1.5 1.4 1.6 1.7 1.8 2.1 2.2];
    [0.8 0.9 0.9 1.0 1.1 1.2 1.3 1.9 2.0];
    [0.7 0.8 0.9 0.9 1.0 1.0 1.0 1.5 1.9];
    [0.8 0.9 0.7 1.0 1.1 0.9 1.0 1.0 2.0];
    [0.5 0.7 0.7 0.8 0.9 0.9 0.9 1.0 1.5]
];



%% Plot 4: Energy Consumption
energy_data = [
    [0.17 0.33 0.40 0.50 0.58 0.63 0.71 0.82];
    [0.15 0.23 0.32 0.45 0.52 0.58 0.65 0.75];
    [0.11 0.19 0.27 0.39 0.45 0.49 0.61 0.65];
    [0.09 0.15 0.20 0.28 0.33 0.42 0.49 0.58];
    [0.08 0.13 0.17 0.25 0.30 0.39 0.43 0.55];
    [0.05 0.10 0.13 0.21 0.25 0.35 0.40 0.50]
];



% Define PDR data for different methods
pdr_BSO_TLBO = [70.5 73.2 76.0 77.0 79.0 81.0 83.5 86.0 88.0];
pdr_GAPSO_H = [73.5 76.0 78.0 80.0 83.0 85.0 86.0 88.0 90.0];
pdr_EECRAIFA = [75.5 77.0 78.5 82.0 87.5 89.0 90.0 91.5 92.5];
pdr_IMD_EACBR = [81.0 82.0 83.5 86.0 88.5 90.0 92.0 93.5 95.5];
pdr_HAV_CSO = [83.0 84.5 88.5 87.0 90.0 92.5 94.0 95.0 95.5];
pdr_HOEEACR = [88.0 89.0 91.5 93.0 94.5 95.0 96.0 97.0 97.5];



% Define residual energy data for different methods
rounds_res = 0:100:1300;
energy_BSO_TLBO = [1.5 1.25 1.05 0.90 0.70 0.50 0.40 0.35 0.25 0.20 0.00 0.00 0.00 0.00];
energy_GAPSO_H = [1.5 1.30 1.10 0.95 0.75 0.60 0.50 0.50 0.45 0.40 0.10 0.00 0.00 0.00];
energy_EECRAIFA = [1.5 1.39 1.27 1.05 1.00 0.75 0.75 0.70 0.65 0.60 0.40 0.20 0.00 0.00];
energy_IMD_EACBR = [1.5 1.40 1.28 1.10 1.05 0.85 0.80 0.78 0.71 0.61 0.50 0.30 0.20 0.00];
energy_HAV_CSO = [1.5 1.44 1.29 1.15 1.10 0.90 0.82 0.79 0.73 0.65 0.52 0.31 0.20 0.00];
energy_HOEEACR = [1.5 1.45 1.30 1.20 1.15 1.00 0.84 0.80 0.76 0.70 0.55 0.32 0.25 0.10];

% X-axis data points
sensor_nodes3 = 100:100:900;

% Sample data for throughput - replace with actual measurements
throughput_data = [
    0.77 0.75 0.75 0.70 0.65 0.63 0.60 0.59 0.52;  % BSO-TLBO
    0.83 0.78 0.78 0.74 0.73 0.71 0.69 0.67 0.63;  % GAPSO-H
    0.87 0.84 0.82 0.80 0.79 0.77 0.73 0.70 0.68;  % EECRAIFA
    0.94 0.92 0.91 0.89 0.88 0.86 0.83 0.79 0.77;  % IMD-EACBR
    0.96 0.93 0.92 0.90 0.89 0.88 0.89 0.84 0.83;  % HAV-CSO
    0.97 0.96 0.95 0.94 0.93 0.92 0.90 0.89 0.87;   % HOEEACR
];

% X-axis data points
rounds3 = 200:200:1400;

% Sample data - replace with your actual measurements
packets_data = [
    150 220 350 420 550 700 800;     % BSO-TLBO
    200 250 400 500 600 800 920;     % GAPSO-H
    220 300 480 680 700 850 1100;    % EECRAIFA
    250 350 600 800 950 1100 1300;   % IMD-EACBR
    280 380 650 850 1100 1300 1600;  % HAV-CSO
    300 450 750 1050 1200 1500 1700  % HOEEACR
];

